Alpha experiment
100 12
0 0.296443 0.431818 0.271698 0.267176 0.310606 0.270742 0.362903 0.305019 0.218182 0.367257 0.125506 0.377358 
0.05 0.29249 0.445455 0.588679 0.473282 0.492424 0.475983 0.491935 0.57529 0.585455 0.575221 0.680162 0.618868 
0.1 0.375494 0.513636 0.622642 0.526718 0.481061 0.462882 0.495968 0.694981 0.581818 0.588496 0.643725 0.660377 
0.15 0.363636 0.531818 0.562264 0.526718 0.564394 0.497817 0.576613 0.722008 0.585455 0.690265 0.663968 0.664151 
0.2 0.371542 0.554545 0.558491 0.557252 0.613636 0.585153 0.596774 0.714286 0.589091 0.681416 0.672065 0.664151 
0.25 0.355731 0.563636 0.603774 0.572519 0.636364 0.58952 0.854839 0.710425 0.578182 0.681416 0.736842 0.664151 
0.3 0.355731 0.554545 0.596226 0.572519 0.632576 0.598253 0.854839 0.714286 0.578182 0.681416 0.736842 0.641509 
0.35 0.355731 0.581818 0.6 0.587786 0.632576 0.633188 0.875 0.702703 0.578182 0.712389 0.744939 0.65283 
0.4 0.363636 0.704545 0.633962 0.576336 0.636364 0.633188 0.870968 0.702703 0.581818 0.725664 0.744939 0.65283 
0.45 0.403162 0.704545 0.633962 0.576336 0.632576 0.641921 0.870968 0.702703 0.581818 0.716814 0.724696 0.660377 
0.5 0.494071 0.731818 0.633962 0.576336 0.632576 0.641921 0.862903 0.702703 0.589091 0.663717 0.704453 0.660377 
0.55 0.494071 0.731818 0.626415 0.496183 0.636364 0.641921 0.862903 0.702703 0.650909 0.654867 0.676113 0.660377 
0.6 0.494071 0.731818 0.626415 0.541985 0.659091 0.641921 0.862903 0.791506 0.658182 0.584071 0.668016 0.671698 
0.65 0.494071 0.731818 0.603774 0.48855 0.662879 0.641921 0.866935 0.791506 0.661818 0.579646 0.643725 0.671698 
0.7 0.494071 0.740909 0.607547 0.431298 0.594697 0.637555 0.866935 0.791506 0.658182 0.615044 0.676113 0.660377 
0.75 0.565217 0.672727 0.611321 0.431298 0.594697 0.637555 0.830645 0.791506 0.654545 0.619469 0.659919 0.649057 
0.8 0.581028 0.668182 0.618868 0.458015 0.522727 0.58952 0.810484 0.791506 0.650909 0.597345 0.65587 0.562264 
0.85 0.679842 0.672727 0.618868 0.458015 0.515152 0.655022 0.810484 0.791506 0.650909 0.615044 0.639676 0.516981 
0.9 0.699605 0.622727 0.615094 0.492366 0.534091 0.659389 0.826613 0.776062 0.661818 0.606195 0.647773 0.441509 
0.95 0.664032 0.613636 0.615094 0.480916 0.522727 0.655022 0.770161 0.733591 0.607273 0.615044 0.615385 0.467925 
1 0.173913 0.377273 0.373585 0.0458015 0.0492424 0.283843 0.0403226 0.532819 0.341818 0.19469 0.384615 0.366038 
