Alpha experiment
1000 12
0 0.0830189 0.0954198 0.0795455 0.0480349 0.0967742 0.0694981 0.116364 0.132743 0.0323887 0.0566038 0.0202429 0.0826446 
0.05 0.166038 0.229008 0.17803 0.244541 0.145161 0.281853 0.185455 0.150442 0.255061 0.158491 0.182186 0.11157 
0.1 0.226415 0.282443 0.155303 0.305677 0.177419 0.305019 0.236364 0.163717 0.263158 0.264151 0.242915 0.136364 
0.15 0.245283 0.278626 0.155303 0.331878 0.193548 0.316602 0.24 0.300885 0.275304 0.25283 0.246964 0.14876 
0.2 0.256604 0.29771 0.162879 0.327511 0.193548 0.320463 0.247273 0.29646 0.287449 0.241509 0.246964 0.247934 
0.25 0.249057 0.30916 0.174242 0.340611 0.254032 0.339768 0.236364 0.30531 0.299595 0.264151 0.255061 0.256198 
0.3 0.249057 0.316794 0.166667 0.358079 0.229839 0.343629 0.236364 0.29646 0.311741 0.256604 0.251012 0.256198 
0.35 0.25283 0.30916 0.170455 0.358079 0.217742 0.343629 0.221818 0.314159 0.307692 0.260377 0.255061 0.285124 
0.4 0.256604 0.30916 0.174242 0.371179 0.290323 0.355212 0.232727 0.318584 0.307692 0.264151 0.218623 0.289256 
0.45 0.25283 0.312977 0.174242 0.384279 0.294355 0.359073 0.272727 0.309735 0.307692 0.260377 0.230769 0.285124 
0.5 0.256604 0.312977 0.174242 0.375546 0.298387 0.343629 0.272727 0.309735 0.307692 0.256604 0.246964 0.280992 
0.55 0.275472 0.293893 0.170455 0.379913 0.322581 0.34749 0.276364 0.318584 0.303644 0.241509 0.242915 0.305785 
0.6 0.298113 0.274809 0.174242 0.366812 0.322581 0.359073 0.272727 0.345133 0.295547 0.241509 0.230769 0.293388 
0.65 0.286792 0.278626 0.181818 0.375546 0.294355 0.393822 0.294545 0.336283 0.271255 0.241509 0.230769 0.276859 
0.7 0.286792 0.29771 0.181818 0.371179 0.290323 0.393822 0.294545 0.345133 0.283401 0.188679 0.230769 0.260331 
0.75 0.264151 0.316794 0.166667 0.379913 0.25 0.409266 0.283636 0.29646 0.267206 0.154717 0.218623 0.264463 
0.8 0.267925 0.30916 0.159091 0.318777 0.225806 0.389961 0.250909 0.261062 0.271255 0.166038 0.214575 0.256198 
0.85 0.286792 0.332061 0.143939 0.323144 0.209677 0.366795 0.189091 0.252212 0.299595 0.184906 0.238866 0.260331 
0.9 0.279245 0.312977 0.121212 0.318777 0.21371 0.355212 0.181818 0.238938 0.299595 0.196226 0.259109 0.247934 
0.95 0.245283 0.274809 0.147727 0.31441 0.153226 0.277992 0.156364 0.247788 0.291498 0.143396 0.246964 0.227273 
1 0.0264151 0.0954198 0.0189394 0.144105 0.0685484 0.050193 0.0145455 0.110619 0.186235 0.0566038 0.125506 0.0661157 
