Alpha experiment
500 12
0 0.113636 0.150943 0.129771 0.151515 0.0917031 0.100806 0.138996 0.170909 0.207965 0.0931174 0.14717 0.0931174 
0.05 0.181818 0.324528 0.312977 0.219697 0.28821 0.346774 0.220077 0.203636 0.30531 0.40081 0.313208 0.271255 
0.1 0.236364 0.332075 0.351145 0.234848 0.362445 0.346774 0.281853 0.196364 0.278761 0.48583 0.320755 0.364372 
0.15 0.245455 0.34717 0.332061 0.25 0.358079 0.346774 0.277992 0.258182 0.314159 0.48583 0.332075 0.425101 
0.2 0.263636 0.324528 0.335878 0.242424 0.362445 0.475806 0.285714 0.254545 0.331858 0.506073 0.407547 0.40081 
0.25 0.259091 0.324528 0.29771 0.246212 0.349345 0.475806 0.285714 0.276364 0.323009 0.510121 0.441509 0.376518 
0.3 0.281818 0.34717 0.293893 0.227273 0.327511 0.475806 0.316602 0.261818 0.314159 0.510121 0.445283 0.392713 
0.35 0.295455 0.34717 0.320611 0.238636 0.344978 0.512097 0.30888 0.258182 0.323009 0.51417 0.445283 0.396761 
0.4 0.313636 0.335849 0.274809 0.238636 0.344978 0.516129 0.343629 0.258182 0.318584 0.526316 0.441509 0.392713 
0.45 0.3 0.362264 0.274809 0.238636 0.340611 0.516129 0.343629 0.294545 0.314159 0.51417 0.441509 0.392713 
0.5 0.3 0.362264 0.270992 0.234848 0.371179 0.516129 0.343629 0.294545 0.336283 0.522267 0.441509 0.384615 
0.55 0.3 0.358491 0.293893 0.234848 0.353712 0.516129 0.343629 0.298182 0.349558 0.510121 0.441509 0.384615 
0.6 0.309091 0.358491 0.347328 0.234848 0.358079 0.516129 0.328185 0.287273 0.336283 0.497976 0.441509 0.376518 
0.65 0.304545 0.358491 0.343511 0.219697 0.318777 0.508065 0.328185 0.341818 0.340708 0.497976 0.422642 0.380567 
0.7 0.3 0.362264 0.332061 0.246212 0.318777 0.479839 0.332046 0.356364 0.349558 0.497976 0.418868 0.384615 
0.75 0.318182 0.313208 0.366412 0.246212 0.305677 0.479839 0.351351 0.334545 0.367257 0.497976 0.407547 0.384615 
0.8 0.318182 0.320755 0.366412 0.242424 0.30131 0.491935 0.339768 0.316364 0.367257 0.502024 0.411321 0.380567 
0.85 0.309091 0.362264 0.328244 0.246212 0.292576 0.467742 0.27027 0.28 0.358407 0.489879 0.388679 0.37247 
0.9 0.277273 0.343396 0.324427 0.257576 0.344978 0.447581 0.297297 0.265455 0.367257 0.469636 0.388679 0.356275 
0.95 0.227273 0.290566 0.278626 0.280303 0.336245 0.407258 0.316602 0.309091 0.309735 0.42915 0.377358 0.340081 
1 0.0727273 0.0754717 0.0687023 0.0871212 0.0786026 0.149194 0.015444 0.0909091 0.10177 0.259109 0.0679245 0.145749 
