Alpha experiment
3000 12
0 0.0381679 0.030303 0.0349345 0.016129 0.030888 0.0254545 0.0353982 0.0202429 0.0528302 0.0121457 0.0247934 0.025 
0.05 0.133588 0.132576 0.135371 0.112903 0.127413 0.16 0.10177 0.182186 0.166038 0.121457 0.123967 0.141667 
0.1 0.152672 0.136364 0.144105 0.137097 0.119691 0.149091 0.110619 0.17004 0.173585 0.129555 0.144628 0.1375 
0.15 0.164122 0.143939 0.174672 0.133065 0.127413 0.156364 0.110619 0.194332 0.162264 0.137652 0.14876 0.1625 
0.2 0.137405 0.132576 0.174672 0.116935 0.119691 0.170909 0.132743 0.198381 0.139623 0.145749 0.152893 0.170833 
0.25 0.145038 0.143939 0.19214 0.120968 0.146718 0.163636 0.128319 0.198381 0.14717 0.145749 0.144628 0.179167 
0.3 0.160305 0.140152 0.19214 0.120968 0.146718 0.163636 0.128319 0.202429 0.14717 0.145749 0.144628 0.175 
0.35 0.167939 0.143939 0.187773 0.116935 0.15444 0.178182 0.154867 0.206478 0.150943 0.137652 0.152893 0.175 
0.4 0.183206 0.136364 0.19214 0.112903 0.162162 0.174545 0.150442 0.202429 0.14717 0.149798 0.14876 0.175 
0.45 0.20229 0.136364 0.200873 0.108871 0.173745 0.170909 0.163717 0.214575 0.14717 0.157895 0.161157 0.175 
0.5 0.179389 0.132576 0.20524 0.108871 0.19305 0.2 0.159292 0.238866 0.150943 0.174089 0.165289 0.170833 
0.55 0.179389 0.128788 0.20524 0.112903 0.19305 0.210909 0.159292 0.230769 0.135849 0.174089 0.169421 0.170833 
0.6 0.171756 0.128788 0.187773 0.108871 0.189189 0.210909 0.168142 0.230769 0.128302 0.165992 0.161157 0.1625 
0.65 0.164122 0.143939 0.200873 0.112903 0.196911 0.192727 0.176991 0.222672 0.132075 0.17004 0.165289 0.1625 
0.7 0.148855 0.147727 0.19214 0.133065 0.204633 0.2 0.176991 0.226721 0.143396 0.161943 0.173554 0.179167 
0.75 0.145038 0.151515 0.20524 0.125 0.196911 0.203636 0.176991 0.226721 0.162264 0.161943 0.177686 0.179167 
0.8 0.141221 0.140152 0.200873 0.145161 0.173745 0.210909 0.185841 0.222672 0.135849 0.149798 0.194215 0.158333 
0.85 0.148855 0.125 0.187773 0.141129 0.177606 0.221818 0.20354 0.218623 0.143396 0.178138 0.18595 0.166667 
0.9 0.145038 0.106061 0.200873 0.145161 0.181467 0.2 0.19469 0.218623 0.120755 0.17004 0.136364 0.175 
0.95 0.148855 0.140152 0.187773 0.129032 0.173745 0.170909 0.185841 0.17004 0.143396 0.1417 0.128099 0.141667 
1 0.0572519 0.0606061 0.0829694 0.0483871 0.050193 0.0763636 0.0353982 0.0769231 0.0566038 0.0526316 0.0826446 0.0791667 
