Quantity experiment
300 12
5 0.472727 0.566038 0.381679 0.412879 0.537118 0.459677 0.382239 0.356364 0.526549 0.595142 0.566038 0.546559 
0.276541 0.283757 0.360519 0.33761 0.284823 0.276191 0.334879 0.358937 0.255959 0.228556 0.33029 0.290737 
10 0.488017 0.571429 0.383858 0.5 0.546025 0.546559 0.458252 0.534162 0.534884 0.59432 0.625247 0.615679 
0.638604 0.68037 0.788566 0.651757 0.755316 0.586788 0.653089 0.665208 0.631783 0.58837 0.63195 0.541813 
20 0.60098 0.602 0.528701 0.414838 0.561508 0.576471 0.563153 0.536688 0.57001 0.653996 0.591313 0.649899 
1.42789 1.45223 1.40576 1.50549 1.61108 1.53281 1.2406 1.39719 1.32348 1.07884 1.41296 1.25591 
50 0.647859 0.559118 0.537678 0.544782 0.602692 0.669219 0.693743 0.619569 0.62653 0.647887 0.641374 0.697555 
2.97517 3.07027 3.0575 3.09299 3.54256 2.8766 3.20339 3.08396 2.9301 2.57816 2.90757 2.64259 
100 0.721193 0.624556 0.511066 0.622672 0.614046 0.701427 0.646798 0.609876 0.675085 0.773859 0.700944 0.743489 
4.16733 4.62979 4.67897 4.34471 4.51534 4.28636 4.27506 4.51555 4.27196 4.32806 4.10712 4.18981 
200 0.725154 0.677728 0.633683 0.639108 0.665337 0.730364 0.793117 0.618966 0.718147 0.774373 0.674924 0.769471 
6.38417 6.2972 6.37675 6.14368 6.09194 5.76173 6.21881 6.12511 5.77798 5.67546 5.87629 5.88471 
