Quantity experiment
1000 12
5 0.312977 0.174242 0.375546 0.298387 0.343629 0.272727 0.309735 0.307692 0.256604 0.246964 0.280992 0.179167 
2.65865 2.94161 1.59451 2.16536 2.21903 2.64356 2.10023 2.08957 2.73743 2.44705 2.18958 2.38583 
10 0.277559 0.173554 0.351464 0.319838 0.299029 0.281574 0.312896 0.425963 0.30572 0.311663 0.2818 0.305447 
8.49747 9.15706 6.25087 7.36017 8.20355 8.5027 5.19257 6.6801 8.54792 8.13691 8.69222 7.83285 
20 0.350453 0.240334 0.372024 0.353922 0.347578 0.316562 0.389275 0.391813 0.340573 0.366197 0.323618 0.256978 
33.3382 28.3679 21.2204 30.0977 27.0581 25.4302 27.9107 25.732 29.133 30.387 29.6476 30.7872 
50 0.384521 0.238291 0.373462 0.447933 0.376992 0.348728 0.42124 0.469618 0.345447 0.398265 0.344395 0.353772 
92.722 116.623 95.4915 103.127 107.678 117.014 102.038 94.8394 115.681 101.889 111.59 116.519 
100 0.418238 0.334008 0.473189 0.451031 0.413814 0.419914 0.457347 0.514844 0.421771 0.471586 0.371067 0.421725 
218.655 226.202 197.132 199.024 203.068 214.669 199.057 184.404 167.602 212.812 210.824 213.613 
200 0.483058 0.337411 0.538055 0.492727 0.454858 0.465429 0.493802 0.534918 0.441954 0.480781 0.466514 0.425025 
343.343 380.582 350.589 374.068 360.728 381.733 346.399 380.072 369.023 371.041 390.418 338.182 
