Quantity experiment
100 12
5 0.494071 0.731818 0.633962 0.576336 0.632576 0.641921 0.862903 0.702703 0.589091 0.663717 0.704453 0.660377 
0.063359 0.076901 0.065791 0.067876 0.0657 0.07235 0.055478 0.060597 0.05543 0.070438 0.061077 0.058117 
10 0.626984 0.769063 0.675676 0.574803 0.696281 0.740586 0.797571 0.8 0.670807 0.788584 0.772819 0.686391 
0.101312 0.098914 0.098036 0.110182 0.102317 0.115784 0.096938 0.08949 0.112176 0.103487 0.10335 0.096549 
20 0.715578 0.787255 0.755 0.724068 0.668757 0.749008 0.796078 0.812916 0.753669 0.748759 0.762183 0.693978 
0.171473 0.15734 0.169901 0.168546 0.182408 0.167159 0.154999 0.12611 0.191832 0.186617 0.164699 0.165947 
50 0.785603 0.910764 0.777555 0.747454 0.736237 0.782308 0.831547 0.841042 0.719374 0.817213 0.763783 0.833067 
0.306001 0.273452 0.318985 0.291135 0.284561 0.262706 0.283572 0.291019 0.271915 0.275105 0.282838 0.264974 
100 0.836569 0.891152 0.796881 0.743443 0.823684 0.851741 0.841396 0.855417 0.753316 0.873931 0.826061 0.848765 
0.40981 0.499791 0.469399 0.536064 0.432014 0.454024 0.42722 0.527467 0.541386 0.423561 0.423678 0.52842 
200 0.879614 0.932683 0.845939 0.828586 0.898678 0.88808 0.896479 0.881275 0.741395 0.906828 0.867489 0.827288 
0.826311 0.827124 0.803494 0.785102 0.784716 0.815789 0.796076 0.975862 0.962787 0.909966 0.887107 0.776802 
