Quantity experiment
1500 12
5 0.151515 0.240175 0.262097 0.212355 0.272727 0.345133 0.388664 0.298113 0.194332 0.198347 0.191667 0.378601 
5.1052 3.72825 5.27491 4.83854 4.63017 3.06701 3.65314 5.26284 4.31702 4.34369 4.55515 2.91975 
10 0.169421 0.280335 0.269231 0.273786 0.31677 0.369979 0.361055 0.262327 0.302103 0.293542 0.285992 0.318182 
19.5434 18.4011 17.3146 16.7053 15.9793 12.9834 14.8157 19.0551 18.518 18.3916 19.9102 17.1125 
20 0.179728 0.284722 0.277451 0.292498 0.363732 0.358491 0.316764 0.298124 0.315895 0.283417 0.26179 0.410972 
71.9628 66.4831 67.6587 51.0725 54.3951 60.8353 59.4442 63.7382 58.2987 71.0066 69.5057 62.9698 
50 0.24774 0.368077 0.369449 0.389817 0.380431 0.366364 0.358551 0.289936 0.334385 0.309187 0.334006 0.401316 
260.751 271.332 260.084 202.243 260.778 274.76 250.804 272.002 261.611 284.275 260.538 233.622 
100 0.304453 0.394158 0.354084 0.400121 0.449908 0.392126 0.406655 0.342639 0.413575 0.35472 0.323566 0.418745 
623.332 549.931 576.712 522.2 436.62 563.202 444.076 597.578 588.999 634.626 570.729 430.933 
200 0.317482 0.435012 0.421306 0.396862 0.45991 0.45631 0.467768 0.392411 0.417992 0.404931 0.391191 0.47075 
1333.96 1237.38 1171.86 1156.92 1138.67 1087.57 1071.56 1102.66 1206.72 1144.04 1141.9 1106.71 
