Quantity experiment
600 12
5 0.301887 0.343511 0.227273 0.441048 0.370968 0.332046 0.276364 0.39823 0.445344 0.350943 0.40081 0.322314 
1.2216 1.22103 1.27019 0.957618 1.11146 1.04367 1.39988 0.852512 0.940252 1.14508 0.890456 1.09849 
10 0.361004 0.346457 0.311983 0.539749 0.502024 0.330097 0.372671 0.420719 0.515213 0.422091 0.435946 0.338552 
2.8955 3.15076 3.22141 2.16636 2.43331 2.69628 2.88035 2.94574 2.3236 2.94505 2.78203 3.58011 
20 0.423 0.35146 0.345873 0.550595 0.516667 0.488129 0.344864 0.497517 0.478557 0.424482 0.502012 0.409045 
7.07107 7.52158 8.79761 7.67158 6.09981 7.5097 8.52513 7.03865 6.79075 8.06444 6.66893 9.95994 
50 0.414028 0.441141 0.401397 0.623846 0.537519 0.425962 0.46184 0.544809 0.513078 0.530351 0.518533 0.402671 
20.4198 25.1384 26.4515 22.182 19.1892 20.9295 22.7445 23.7862 23.0653 20.861 21.9234 27.6677 
100 0.494078 0.517418 0.440486 0.648259 0.556503 0.502215 0.513365 0.568503 0.594342 0.48323 0.571231 0.413568 
42.7779 39.7511 47.7798 41.4695 35.7191 35.5103 43.3479 40.7129 39.5913 43.1207 41.7465 45.8689 
200 0.595516 0.514943 0.528315 0.687282 0.65804 0.64585 0.604315 0.562182 0.614405 0.601986 0.652948 0.514123 
67.8084 67.1336 68.5707 63.0428 62.8157 60.9655 68.8642 65.9458 60.44 60.3516 64.0519 70.9861 
